08  // [0x00] Start in IDLE mode
00  // [0x01] Load MouseX into reg A
A1
02  // [0x03] Store x value in RAM
03
00  // [0x05] Load MouseY into reg A
A2
02  // [0x07] Store y valye in RAM
04
00  // [0x09] A <- [0xA1]
A1
02  // [0x0B] [0xB1] <- A
B1
00  // [0x0D] A <- [0xA2]
A2
01  // [0x0F] B <- [0x02]
02
04  // [0x11] Set FG to 1 via addition
02  // [0x12] [0xB0] <- A
B0

// ==== Pad 0x14 to 0xFD. Comment: Pad to Vector Table (0x14) ====
08
08
08
08
08
08
08
08
08
08
08
08
08
08
08
08
08
08
08
08
08
08
08
08
08
08
08
08
08
08
08
08
08
08
08
08
08
08
08
08
08
08
08
08
08
08
08
08
08
08
08
08
08
08
08
08
08
08
08
08
08
08
08
08
08
08
08
08
08
08
08
08
08
08
08
08
08
08
08
08
08
08
08
08
08
08
08
08
08
08
08
08
08
08
08
08
08
08
08
08
08
08
08
08
08
08
08
08
08
08
08
08
08
08
08
08
08
08
08
08
08
08
08
08
08
08
08
08
08
08
08
08
08
08
08
08
08
08
08
08
08
08
08
08
08
08
08
08
08
08
08
08
08
08
08
08
08
08
08
08
08
08
08
08
08
08
08
08
08
08
08
08
08
08
08
08
08
08
08
08
08
08
08
08
08
08
08
08
08
08
08
08
08
08
08
08
08
08
08
08
08
08
08
08
08
08
08
08
08
08
08
08
08
08
08
08
08
08
08
08
08
08
08
08
08
08
08
08
08
08
08
08
08
08
09  // [0xFE] Timer ISR
01  // [0xFF] Mouse ISR